0 2.68465e-09 -0.00467945 -0.00467945
0.1 9.74018e-09 -0.00468865 -0.00468864
0.2 1.85151e-08 -0.00470311 -0.00470309
0.3 2.5643e-08 -0.00472082 -0.0047208
0.4 2.8293e-08 -0.00473856 -0.00473853
0.5 2.53251e-08 -0.00475309 -0.00475307
0.6 1.78536e-08 -0.00476255 -0.00476253
0.7 8.87007e-09 -0.00476718 -0.00476717
0.8 2.01854e-09 -0.00476929 -0.00476929
0.9 8.2529e-11 -0.00477225 -0.00477225
1 3.86595e-09 -0.00477911 -0.00477911
1.1 1.18861e-08 -0.00479145 -0.00479144
1.2 2.09325e-08 -0.00480875 -0.00480873
1.3 2.72882e-08 -0.00482861 -0.00482859
1.4 2.82306e-08 -0.00484766 -0.00484763
1.5 2.32545e-08 -0.00486294 -0.00486291
1.6 1.44166e-08 -0.00487322 -0.0048732
1.7 5.51073e-09 -0.00487958 -0.00487957
1.8 4.04283e-10 -0.00488493 -0.00488493
1.9 1.33914e-09 -0.0048927 -0.0048927
2 7.96815e-09 -0.00490541 -0.0049054
2.1 1.74796e-08 -0.00492362 -0.0049236
2.2 2.57279e-08 -0.00494569 -0.00494566
2.3 2.89825e-08 -0.00496849 -0.00496846
2.4 2.56462e-08 -0.00498871 -0.00498868
2.5 1.71395e-08 -0.00500444 -0.00500442
2.6 7.36834e-09 -0.00501612 -0.00501611
2.7 9.18552e-10 -0.00502631 -0.00502631
2.8 8.74224e-10 -0.00503855 -0.00503855
2.9 7.34977e-09 -0.00505564 -0.00505563
3 1.73816e-08 -0.00507843 -0.00507841
3.1 2.62073e-08 -0.00510545 -0.00510542
3.2 2.94553e-08 -0.00513355 -0.00513352
3.3 2.53523e-08 -0.00515947 -0.00515944
3.4 1.58212e-08 -0.00518148 -0.00518146
3.5 5.68479e-09 -0.0052004 -0.00520039
3.6 2.28956e-10 -0.0052192 -0.0052192
3.7 2.4234e-09 -0.00524152 -0.00524152
3.8 1.12937e-08 -0.00526981 -0.00526979
3.9 2.22684e-08 -0.00530414 -0.00530412
4 2.94063e-08 -0.00534226 -0.00534223
4.1 2.85766e-08 -0.00538079 -0.00538076
4.2 1.99957e-08 -0.00541727 -0.00541725
4.3 8.46534e-09 -0.00545176 -0.00545176
4.4 8.03755e-10 -0.00548704 -0.00548704
4.5 1.82154e-09 -0.00552717 -0.00552717
4.6 1.12533e-08 -0.00557532 -0.00557531
4.7 2.35368e-08 -0.00563218 -0.00563216
4.8 3.08409e-08 -0.00569591 -0.00569588
4.9 2.80032e-08 -0.00576384 -0.00576381
5 1.64771e-08 -0.00583509 -0.00583507
5.1 4.16159e-09 -0.00591243 -0.00591243
5.2 3.50969e-10 -0.00600199 -0.00600199
5.3 8.78282e-09 -0.006111 -0.00611099
5.4 2.37452e-08 -0.00624578 -0.00624576
5.5 3.2984e-08 -0.0064123 -0.00641227
5.6 2.72403e-08 -0.00662146 -0.00662143
5.7 1.044e-08 -0.00689996 -0.00689995
5.8 4.14723e-10 -0.00731081 -0.00731081
5.9 1.35997e-08 -0.00801177 -0.00801176
6 3.77493e-08 -0.00953307 -0.00953303
6.1 1.68154e-08 -0.0134017 -0.0134017
6.2 2.19609e-09 -0.00680104 -0.00680104
6.3 3.48837e-10 -0.00371376 -0.00371376
6.4 1.84794e-09 -0.00291562 -0.00291562
6.5 3.70255e-09 -0.00258194 -0.00258194
6.6 5.76355e-09 -0.00244799 -0.00244799
6.7 8.12634e-09 -0.00244592 -0.00244592
6.8 1.10237e-08 -0.00257483 -0.00257482
6.9 1.49719e-08 -0.00289941 -0.00289939
7 2.1465e-08 -0.00367166 -0.00367164
7.1 3.89774e-08 -0.00653453 -0.00653449
7.2 2.46831e-07 -0.00339686 -0.00339661
7.3 2.38226e-07 -0.000993 -0.000992762
7.4 2.36878e-07 -0.000583175 -0.000582938
7.5 2.3632e-07 -0.000413048 -0.000412811
7.6 2.36014e-07 -0.000319835 -0.000319599
7.7 2.35821e-07 -0.000260974 -0.000260738
7.8 2.35688e-07 -0.000220424 -0.000220188
7.9 2.35591e-07 -0.000190787 -0.000190551
8 2.35517e-07 -0.000168179 -0.000167944
8.1 2.35458e-07 -0.000150364 -0.000150129
8.2 2.35411e-07 -0.000135964 -0.000135728
8.3 2.35372e-07 -0.000124082 -0.000123846
8.4 2.35339e-07 -0.00011411 -0.000113875
8.5 2.35312e-07 -0.000105623 -0.000105387
8.6 2.35288e-07 -9.83106e-05 -9.80754e-05
8.7 2.35267e-07 -9.19459e-05 -9.17106e-05
8.8 2.35248e-07 -8.63554e-05 -8.61201e-05
8.9 2.35232e-07 -8.14059e-05 -8.11707e-05
9 2.35218e-07 -7.69932e-05 -7.6758e-05
9.1 2.35205e-07 -7.30344e-05 -7.27992e-05
9.2 2.35193e-07 -6.94629e-05 -6.92277e-05
9.3 2.35182e-07 -6.62245e-05 -6.59893e-05
9.4 2.35173e-07 -6.32747e-05 -6.30395e-05
9.5 2.35164e-07 -6.05765e-05 -6.03413e-05
9.6 2.35156e-07 -5.80991e-05 -5.78639e-05
9.7 2.35148e-07 -5.58163e-05 -5.55812e-05
9.8 2.35141e-07 -5.37063e-05 -5.34711e-05
9.9 2.35135e-07 -5.17499e-05 -5.15148e-05
10 2.35129e-07 -4.99311e-05 -4.9696e-05
10.1 2.35123e-07 -4.82359e-05 -4.80008e-05
10.2 2.35118e-07 -4.6652e-05 -4.64169e-05
10.3 2.35113e-07 -4.51688e-05 -4.49337e-05
10.4 2.35109e-07 -4.3777e-05 -4.35419e-05
10.5 2.35105e-07 -4.24685e-05 -4.22334e-05
10.6 2.35101e-07 -4.12359e-05 -4.10008e-05
10.7 2.35097e-07 -4.00729e-05 -3.98378e-05
10.8 2.35093e-07 -3.89737e-05 -3.87386e-05
10.9 2.3509e-07 -3.79332e-05 -3.76981e-05
11 2.35086e-07 -3.69468e-05 -3.67117e-05
11.1 2.35083e-07 -3.60104e-05 -3.57753e-05
11.2 2.3508e-07 -3.51203e-05 -3.48852e-05
11.3 2.35078e-07 -3.42731e-05 -3.40381e-05
11.4 2.35075e-07 -3.34659e-05 -3.32308e-05
11.5 2.35073e-07 -3.26958e-05 -3.24608e-05
11.6 2.3507e-07 -3.19604e-05 -3.17253e-05
11.7 2.35068e-07 -3.12573e-05 -3.10223e-05
11.8 2.35066e-07 -3.05845e-05 -3.03495e-05
11.9 2.35063e-07 -2.99401e-05 -2.9705e-05
12 2.35061e-07 -2.93222e-05 -2.90872e-05
12.1 2.3506e-07 -2.87294e-05 -2.84943e-05
12.2 2.35058e-07 -2.816e-05 -2.7925e-05
12.3 2.35056e-07 -2.76128e-05 -2.73777e-05
12.4 2.35054e-07 -2.70864e-05 -2.68514e-05
12.5 2.35052e-07 -2.65798e-05 -2.63447e-05
12.6 2.35051e-07 -2.60917e-05 -2.58567e-05
12.7 2.35049e-07 -2.56213e-05 -2.53862e-05
12.8 2.35048e-07 -2.51675e-05 -2.49324e-05
12.9 2.35046e-07 -2.47295e-05 -2.44944e-05
13 2.35045e-07 -2.43065e-05 -2.40714e-05
13.1 2.35044e-07 -2.38977e-05 -2.36626e-05
13.2 2.35042e-07 -2.35024e-05 -2.32674e-05
13.3 2.35041e-07 -2.312e-05 -2.2885e-05
13.4 2.3504e-07 -2.27499e-05 -2.25148e-05
13.5 2.35039e-07 -2.23914e-05 -2.21564e-05
13.6 2.35038e-07 -2.20441e-05 -2.1809e-05
13.7 2.35037e-07 -2.17073e-05 -2.14723e-05
13.8 2.35035e-07 -2.13807e-05 -2.11457e-05
13.9 2.35034e-07 -2.10638e-05 -2.08287e-05
14 2.35033e-07 -2.07561e-05 -2.05211e-05
14.1 2.35032e-07 -2.04573e-05 -2.02223e-05
14.2 2.35031e-07 -2.0167e-05 -1.99319e-05
14.3 2.35031e-07 -1.98848e-05 -1.96497e-05
14.4 2.3503e-07 -1.96104e-05 -1.93753e-05
14.5 2.35029e-07 -1.93434e-05 -1.91084e-05
14.6 2.35028e-07 -1.90836e-05 -1.88486e-05
14.7 2.35027e-07 -1.88308e-05 -1.85957e-05
14.8 2.35026e-07 -1.85845e-05 -1.83495e-05
14.9 2.35025e-07 -1.83446e-05 -1.81096e-05
15 2.35025e-07 -1.81108e-05 -1.78758e-05
15.1 2.35024e-07 -1.78829e-05 -1.76479e-05
15.2 2.35023e-07 -1.76606e-05 -1.74256e-05
15.3 2.35023e-07 -1.74438e-05 -1.72088e-05
15.4 2.35022e-07 -1.72323e-05 -1.69973e-05
15.5 2.35021e-07 -1.70259e-05 -1.67908e-05
15.6 2.3502e-07 -1.68243e-05 -1.65893e-05
15.7 2.3502e-07 -1.66274e-05 -1.63924e-05
15.8 2.35019e-07 -1.64351e-05 -1.62001e-05
15.9 2.35019e-07 -1.62472e-05 -1.60122e-05
16 2.35018e-07 -1.60636e-05 -1.58285e-05
16.1 2.35017e-07 -1.5884e-05 -1.5649e-05
16.2 2.35017e-07 -1.57084e-05 -1.54734e-05
16.3 2.35016e-07 -1.55367e-05 -1.53017e-05
16.4 2.35016e-07 -1.53687e-05 -1.51337e-05
16.5 2.35015e-07 -1.52042e-05 -1.49692e-05
16.6 2.35015e-07 -1.50433e-05 -1.48083e-05
16.7 2.35014e-07 -1.48857e-05 -1.46507e-05
16.8 2.35014e-07 -1.47314e-05 -1.44964e-05
16.9 2.35013e-07 -1.45803e-05 -1.43452e-05
17 2.35013e-07 -1.44322e-05 -1.41972e-05
17.1 2.35012e-07 -1.42871e-05 -1.40521e-05
17.2 2.35012e-07 -1.41449e-05 -1.39099e-05
17.3 2.35011e-07 -1.40055e-05 -1.37705e-05
17.4 2.35011e-07 -1.38688e-05 -1.36338e-05
17.5 2.3501e-07 -1.37348e-05 -1.34997e-05
17.6 2.3501e-07 -1.36033e-05 -1.33683e-05
17.7 2.3501e-07 -1.34743e-05 -1.32393e-05
17.8 2.35009e-07 -1.33477e-05 -1.31127e-05
17.9 2.35009e-07 -1.32235e-05 -1.29885e-05
18 2.35008e-07 -1.31016e-05 -1.28666e-05
18.1 2.35008e-07 -1.29819e-05 -1.27469e-05
18.2 2.35008e-07 -1.28644e-05 -1.26294e-05
18.3 2.35007e-07 -1.2749e-05 -1.2514e-05
18.4 2.35007e-07 -1.26357e-05 -1.24007e-05
18.5 2.35006e-07 -1.25243e-05 -1.22893e-05
18.6 2.35006e-07 -1.24149e-05 -1.21799e-05
18.7 2.35006e-07 -1.23074e-05 -1.20724e-05
18.8 2.35005e-07 -1.22017e-05 -1.19667e-05
18.9 2.35005e-07 -1.20978e-05 -1.18628e-05
19 2.35005e-07 -1.19957e-05 -1.17607e-05
19.1 2.35004e-07 -1.18953e-05 -1.16603e-05
19.2 2.35004e-07 -1.17966e-05 -1.15616e-05
19.3 2.35004e-07 -1.16994e-05 -1.14644e-05
19.4 2.35003e-07 -1.16039e-05 -1.13689e-05
19.5 2.35003e-07 -1.15099e-05 -1.12749e-05
19.6 2.35003e-07 -1.14175e-05 -1.11825e-05
19.7 2.35002e-07 -1.13265e-05 -1.10915e-05
19.8 2.35002e-07 -1.12369e-05 -1.10019e-05
19.9 2.35002e-07 -1.11488e-05 -1.09138e-05
20 2.35002e-07 -1.1062e-05 -1.0827e-05
20.1 2.35001e-07 -1.09765e-05 -1.07415e-05
20.2 2.35001e-07 -1.08924e-05 -1.06574e-05
20.3 2.35001e-07 -1.08096e-05 -1.05746e-05
20.4 2.35001e-07 -1.0728e-05 -1.0493e-05
20.5 2.35e-07 -1.06476e-05 -1.04126e-05
20.6 2.35e-07 -1.05684e-05 -1.03334e-05
20.7 2.35e-07 -1.04904e-05 -1.02554e-05
20.8 2.34999e-07 -1.04135e-05 -1.01785e-05
20.9 2.34999e-07 -1.03378e-05 -1.01028e-05
21 2.34999e-07 -1.02631e-05 -1.00281e-05
21.1 2.34999e-07 -1.01895e-05 -9.95452e-06
21.2 2.34999e-07 -1.0117e-05 -9.88198e-06
21.3 2.34998e-07 -1.00455e-05 -9.81047e-06
21.4 2.34998e-07 -9.97496e-06 -9.73996e-06
21.5 2.34998e-07 -9.90543e-06 -9.67043e-06
21.6 2.34998e-07 -9.83687e-06 -9.60187e-06
21.7 2.34997e-07 -9.76925e-06 -9.53425e-06
21.8 2.34997e-07 -9.70255e-06 -9.46755e-06
21.9 2.34997e-07 -9.63676e-06 -9.40176e-06
22 2.34997e-07 -9.57185e-06 -9.33686e-06
22.1 2.34997e-07 -9.50781e-06 -9.27282e-06
22.2 2.34996e-07 -9.44463e-06 -9.20963e-06
22.3 2.34996e-07 -9.38227e-06 -9.14728e-06
22.4 2.34996e-07 -9.32074e-06 -9.08574e-06
22.5 2.34996e-07 -9.26001e-06 -9.02501e-06
22.6 2.34996e-07 -9.20006e-06 -8.96507e-06
22.7 2.34995e-07 -9.14089e-06 -8.90589e-06
22.8 2.34995e-07 -9.08247e-06 -8.84747e-06
22.9 2.34995e-07 -9.02479e-06 -8.7898e-06
23 2.34995e-07 -8.96784e-06 -8.73285e-06
23.1 2.34995e-07 -8.91161e-06 -8.67661e-06
23.2 2.34994e-07 -8.85607e-06 -8.62108e-06
23.3 2.34994e-07 -8.80123e-06 -8.56623e-06
23.4 2.34994e-07 -8.74706e-06 -8.51206e-06
23.5 2.34994e-07 -8.69355e-06 -8.45856e-06
23.6 2.34994e-07 -8.64069e-06 -8.4057e-06
23.7 2.34993e-07 -8.58847e-06 -8.35348e-06
23.8 2.34993e-07 -8.53688e-06 -8.30189e-06
23.9 2.34993e-07 -8.48591e-06 -8.25092e-06
24 2.34993e-07 -8.43554e-06 -8.20055e-06
24.1 2.34993e-07 -8.38576e-06 -8.15077e-06
24.2 2.34993e-07 -8.33657e-06 -8.10158e-06
24.3 2.34993e-07 -8.28796e-06 -8.05296e-06
24.4 2.34992e-07 -8.2399e-06 -8.00491e-06
24.5 2.34992e-07 -8.1924e-06 -7.95741e-06
24.6 2.34992e-07 -8.14545e-06 -7.91046e-06
24.7 2.34992e-07 -8.09903e-06 -7.86404e-06
24.8 2.34992e-07 -8.05313e-06 -7.81814e-06
24.9 2.34992e-07 -8.00776e-06 -7.77277e-06
25 2.34991e-07 -7.96289e-06 -7.7279e-06
25.1 2.34991e-07 -7.91852e-06 -7.68353e-06
25.2 2.34991e-07 -7.87464e-06 -7.63965e-06
25.3 2.34991e-07 -7.83125e-06 -7.59626e-06
25.4 2.34991e-07 -7.78833e-06 -7.55334e-06
25.5 2.34991e-07 -7.74589e-06 -7.51089e-06
25.6 2.34991e-07 -7.7039e-06 -7.46891e-06
25.7 2.3499e-07 -7.66236e-06 -7.42737e-06
25.8 2.3499e-07 -7.62127e-06 -7.38628e-06
25.9 2.3499e-07 -7.58062e-06 -7.34563e-06
26 2.3499e-07 -7.5404e-06 -7.30541e-06
26.1 2.3499e-07 -7.5006e-06 -7.26561e-06
26.2 2.3499e-07 -7.46122e-06 -7.22623e-06
26.3 2.3499e-07 -7.42225e-06 -7.18726e-06
26.4 2.3499e-07 -7.38369e-06 -7.1487e-06
26.5 2.34989e-07 -7.34553e-06 -7.11054e-06
26.6 2.34989e-07 -7.30776e-06 -7.07277e-06
26.7 2.34989e-07 -7.27037e-06 -7.03538e-06
26.8 2.34989e-07 -7.23337e-06 -6.99838e-06
26.9 2.34989e-07 -7.19674e-06 -6.96175e-06
27 2.34989e-07 -7.16048e-06 -6.92549e-06
27.1 2.34989e-07 -7.12458e-06 -6.88959e-06
27.2 2.34989e-07 -7.08904e-06 -6.85405e-06
27.3 2.34988e-07 -7.05386e-06 -6.81887e-06
27.4 2.34988e-07 -7.01902e-06 -6.78403e-06
27.5 2.34988e-07 -6.98452e-06 -6.74954e-06
27.6 2.34988e-07 -6.95037e-06 -6.71538e-06
27.7 2.34988e-07 -6.91654e-06 -6.68155e-06
27.8 2.34988e-07 -6.88304e-06 -6.64805e-06
27.9 2.34988e-07 -6.84987e-06 -6.61488e-06
28 2.34988e-07 -6.81701e-06 -6.58202e-06
28.1 2.34988e-07 -6.78447e-06 -6.54948e-06
28.2 2.34987e-07 -6.75223e-06 -6.51724e-06
28.3 2.34987e-07 -6.7203e-06 -6.48532e-06
28.4 2.34987e-07 -6.68867e-06 -6.45369e-06
28.5 2.34987e-07 -6.65734e-06 -6.42235e-06
28.6 2.34987e-07 -6.6263e-06 -6.39131e-06
28.7 2.34987e-07 -6.59555e-06 -6.36056e-06
28.8 2.34987e-07 -6.56508e-06 -6.33009e-06
28.9 2.34987e-07 -6.53489e-06 -6.29991e-06
29 2.34987e-07 -6.50498e-06 -6.27e-06
29.1 2.34987e-07 -6.47534e-06 -6.24036e-06
29.2 2.34986e-07 -6.44597e-06 -6.21099e-06
29.3 2.34986e-07 -6.41687e-06 -6.18188e-06
29.4 2.34986e-07 -6.38803e-06 -6.15304e-06
29.5 2.34986e-07 -6.35944e-06 -6.12446e-06
29.6 2.34986e-07 -6.33111e-06 -6.09613e-06
29.7 2.34986e-07 -6.30303e-06 -6.06805e-06
29.8 2.34986e-07 -6.2752e-06 -6.04022e-06
29.9 2.34986e-07 -6.24762e-06 -6.01263e-06
30 2.34986e-07 -6.22027e-06 -5.98529e-06
30.1 2.34986e-07 -6.19316e-06 -5.95818e-06
30.2 2.34986e-07 -6.16629e-06 -5.93131e-06
30.3 2.34985e-07 -6.13965e-06 -5.90467e-06
30.4 2.34985e-07 -6.11324e-06 -5.87826e-06
30.5 2.34985e-07 -6.08706e-06 -5.85208e-06
30.6 2.34985e-07 -6.0611e-06 -5.82612e-06
30.7 2.34985e-07 -6.03536e-06 -5.80038e-06
30.8 2.34985e-07 -6.00984e-06 -5.77485e-06
30.9 2.34985e-07 -5.98453e-06 -5.74955e-06
31 2.34985e-07 -5.95944e-06 -5.72445e-06
31.1 2.34985e-07 -5.93455e-06 -5.69957e-06
31.2 2.34985e-07 -5.90987e-06 -5.67489e-06
31.3 2.34985e-07 -5.8854e-06 -5.65042e-06
31.4 2.34985e-07 -5.86113e-06 -5.62614e-06
31.5 2.34984e-07 -5.83706e-06 -5.60207e-06
31.6 2.34984e-07 -5.81318e-06 -5.5782e-06
31.7 2.34984e-07 -5.7895e-06 -5.55451e-06
31.8 2.34984e-07 -5.76601e-06 -5.53103e-06
31.9 2.34984e-07 -5.74271e-06 -5.50773e-06
32 2.34984e-07 -5.7196e-06 -5.48461e-06
32.1 2.34984e-07 -5.69667e-06 -5.46169e-06
32.2 2.34984e-07 -5.67393e-06 -5.43894e-06
32.3 2.34984e-07 -5.65137e-06 -5.41638e-06
32.4 2.34984e-07 -5.62898e-06 -5.394e-06
32.5 2.34984e-07 -5.60678e-06 -5.37179e-06
32.6 2.34984e-07 -5.58474e-06 -5.34976e-06
32.7 2.34984e-07 -5.56288e-06 -5.3279e-06
32.8 2.34984e-07 -5.54119e-06 -5.30621e-06
32.9 2.34983e-07 -5.51967e-06 -5.28469e-06
33 2.34983e-07 -5.49832e-06 -5.26333e-06
33.1 2.34983e-07 -5.47713e-06 -5.24214e-06
33.2 2.34983e-07 -5.4561e-06 -5.22112e-06
33.3 2.34983e-07 -5.43523e-06 -5.20025e-06
33.4 2.34983e-07 -5.41453e-06 -5.17954e-06
33.5 2.34983e-07 -5.39398e-06 -5.15899e-06
33.6 2.34983e-07 -5.37358e-06 -5.1386e-06
33.7 2.34983e-07 -5.35334e-06 -5.11836e-06
33.8 2.34983e-07 -5.33325e-06 -5.09827e-06
33.9 2.34983e-07 -5.31331e-06 -5.07833e-06
34 2.34983e-07 -5.29352e-06 -5.05854e-06
34.1 2.34983e-07 -5.27388e-06 -5.0389e-06
34.2 2.34983e-07 -5.25438e-06 -5.0194e-06
34.3 2.34983e-07 -5.23503e-06 -5.00004e-06
34.4 2.34982e-07 -5.21581e-06 -4.98083e-06
34.5 2.34982e-07 -5.19674e-06 -4.96176e-06
34.6 2.34982e-07 -5.17781e-06 -4.94283e-06
34.7 2.34982e-07 -5.15901e-06 -4.92403e-06
34.8 2.34982e-07 -5.14035e-06 -4.90537e-06
34.9 2.34982e-07 -5.12183e-06 -4.88684e-06
35 2.34982e-07 -5.10343e-06 -4.86845e-06
35.1 2.34982e-07 -5.08517e-06 -4.85019e-06
35.2 2.34982e-07 -5.06704e-06 -4.83206e-06
35.3 2.34982e-07 -5.04904e-06 -4.81406e-06
35.4 2.34982e-07 -5.03117e-06 -4.79619e-06
35.5 2.34982e-07 -5.01342e-06 -4.77844e-06
35.6 2.34982e-07 -4.9958e-06 -4.76082e-06
35.7 2.34982e-07 -4.9783e-06 -4.74332e-06
35.8 2.34982e-07 -4.96092e-06 -4.72594e-06
35.9 2.34982e-07 -4.94366e-06 -4.70868e-06
36 2.34981e-07 -4.92653e-06 -4.69154e-06
36.1 2.34981e-07 -4.90951e-06 -4.67453e-06
36.2 2.34981e-07 -4.89261e-06 -4.65762e-06
36.3 2.34981e-07 -4.87582e-06 -4.64084e-06
36.4 2.34981e-07 -4.85915e-06 -4.62417e-06
36.5 2.34981e-07 -4.84259e-06 -4.60761e-06
36.6 2.34981e-07 -4.82615e-06 -4.59117e-06
36.7 2.34981e-07 -4.80981e-06 -4.57483e-06
36.8 2.34981e-07 -4.79359e-06 -4.55861e-06
36.9 2.34981e-07 -4.77748e-06 -4.5425e-06
37 2.34981e-07 -4.76147e-06 -4.52649e-06
37.1 2.34981e-07 -4.74557e-06 -4.51059e-06
37.2 2.34981e-07 -4.72978e-06 -4.4948e-06
37.3 2.34981e-07 -4.71409e-06 -4.47911e-06
37.4 2.34981e-07 -4.69851e-06 -4.46353e-06
37.5 2.34981e-07 -4.68302e-06 -4.44804e-06
37.6 2.34981e-07 -4.66764e-06 -4.43266e-06
37.7 2.34981e-07 -4.65236e-06 -4.41738e-06
37.8 2.34981e-07 -4.63718e-06 -4.4022e-06
37.9 2.3498e-07 -4.6221e-06 -4.38712e-06
38 2.3498e-07 -4.60712e-06 -4.37214e-06
38.1 2.3498e-07 -4.59223e-06 -4.35725e-06
38.2 2.3498e-07 -4.57744e-06 -4.34246e-06
38.3 2.3498e-07 -4.56275e-06 -4.32777e-06
38.4 2.3498e-07 -4.54814e-06 -4.31316e-06
38.5 2.3498e-07 -4.53364e-06 -4.29866e-06
38.6 2.3498e-07 -4.51922e-06 -4.28424e-06
38.7 2.3498e-07 -4.50489e-06 -4.26991e-06
38.8 2.3498e-07 -4.49066e-06 -4.25568e-06
38.9 2.3498e-07 -4.47651e-06 -4.24153e-06
39 2.3498e-07 -4.46246e-06 -4.22748e-06
39.1 2.3498e-07 -4.44849e-06 -4.21351e-06
39.2 2.3498e-07 -4.43461e-06 -4.19963e-06
39.3 2.3498e-07 -4.42082e-06 -4.18584e-06
39.4 2.3498e-07 -4.40711e-06 -4.17213e-06
39.5 2.3498e-07 -4.39348e-06 -4.1585e-06
39.6 2.3498e-07 -4.37994e-06 -4.14496e-06
39.7 2.3498e-07 -4.36649e-06 -4.13151e-06
39.8 2.3498e-07 -4.35311e-06 -4.11813e-06
39.9 2.3498e-07 -4.33982e-06 -4.10484e-06
40 2.3498e-07 -4.32661e-06 -4.09163e-06
40.1 2.34979e-07 -4.31348e-06 -4.0785e-06
40.2 2.34979e-07 -4.30042e-06 -4.06544e-06
40.3 2.34979e-07 -4.28745e-06 -4.05247e-06
40.4 2.34979e-07 -4.27455e-06 -4.03958e-06
40.5 2.34979e-07 -4.26174e-06 -4.02676e-06
40.6 2.34979e-07 -4.249e-06 -4.01402e-06
40.7 2.34979e-07 -4.23633e-06 -4.00135e-06
40.8 2.34979e-07 -4.22374e-06 -3.98876e-06
40.9 2.34979e-07 -4.21122e-06 -3.97625e-06
41 2.34979e-07 -4.19878e-06 -3.9638e-06
41.1 2.34979e-07 -4.18641e-06 -3.95144e-06
41.2 2.34979e-07 -4.17412e-06 -3.93914e-06
41.3 2.34979e-07 -4.1619e-06 -3.92692e-06
41.4 2.34979e-07 -4.14974e-06 -3.91476e-06
41.5 2.34979e-07 -4.13766e-06 -3.90268e-06
41.6 2.34979e-07 -4.12565e-06 -3.89067e-06
41.7 2.34979e-07 -4.11371e-06 -3.87873e-06
41.8 2.34979e-07 -4.10184e-06 -3.86686e-06
41.9 2.34979e-07 -4.09003e-06 -3.85505e-06
42 2.34979e-07 -4.07829e-06 -3.84332e-06
42.1 2.34979e-07 -4.06663e-06 -3.83165e-06
42.2 2.34979e-07 -4.05502e-06 -3.82004e-06
42.3 2.34979e-07 -4.04349e-06 -3.80851e-06
42.4 2.34979e-07 -4.03201e-06 -3.79704e-06
42.5 2.34979e-07 -4.02061e-06 -3.78563e-06
42.6 2.34978e-07 -4.00926e-06 -3.77429e-06
42.7 2.34978e-07 -3.99799e-06 -3.76301e-06
42.8 2.34978e-07 -3.98677e-06 -3.75179e-06
42.9 2.34978e-07 -3.97562e-06 -3.74064e-06
43 2.34978e-07 -3.96453e-06 -3.72955e-06
43.1 2.34978e-07 -3.9535e-06 -3.71852e-06
43.2 2.34978e-07 -3.94253e-06 -3.70755e-06
43.3 2.34978e-07 -3.93163e-06 -3.69665e-06
43.4 2.34978e-07 -3.92078e-06 -3.6858e-06
43.5 2.34978e-07 -3.90999e-06 -3.67502e-06
43.6 2.34978e-07 -3.89927e-06 -3.66429e-06
43.7 2.34978e-07 -3.8886e-06 -3.65362e-06
43.8 2.34978e-07 -3.87799e-06 -3.64301e-06
43.9 2.34978e-07 -3.86743e-06 -3.63246e-06
44 2.34978e-07 -3.85694e-06 -3.62196e-06
44.1 2.34978e-07 -3.8465e-06 -3.61152e-06
44.2 2.34978e-07 -3.83612e-06 -3.60114e-06
44.3 2.34978e-07 -3.82579e-06 -3.59081e-06
44.4 2.34978e-07 -3.81552e-06 -3.58054e-06
44.5 2.34978e-07 -3.8053e-06 -3.57032e-06
44.6 2.34978e-07 -3.79514e-06 -3.56016e-06
44.7 2.34978e-07 -3.78503e-06 -3.55006e-06
44.8 2.34978e-07 -3.77498e-06 -3.54e-06
44.9 2.34978e-07 -3.76498e-06 -3.53e-06
45 2.34978e-07 -3.75503e-06 -3.52005e-06
45.1 2.34978e-07 -3.74514e-06 -3.51016e-06
45.2 2.34978e-07 -3.73529e-06 -3.50032e-06
45.3 2.34978e-07 -3.7255e-06 -3.49052e-06
45.4 2.34978e-07 -3.71576e-06 -3.48078e-06
45.5 2.34977e-07 -3.70607e-06 -3.47109e-06
45.6 2.34977e-07 -3.69643e-06 -3.46146e-06
45.7 2.34977e-07 -3.68684e-06 -3.45187e-06
45.8 2.34977e-07 -3.6773e-06 -3.44233e-06
45.9 2.34977e-07 -3.66781e-06 -3.43284e-06
46 2.34977e-07 -3.65837e-06 -3.4234e-06
46.1 2.34977e-07 -3.64898e-06 -3.414e-06
46.2 2.34977e-07 -3.63964e-06 -3.40466e-06
46.3 2.34977e-07 -3.63034e-06 -3.39536e-06
46.4 2.34977e-07 -3.62109e-06 -3.38611e-06
46.5 2.34977e-07 -3.61189e-06 -3.37691e-06
46.6 2.34977e-07 -3.60273e-06 -3.36775e-06
46.7 2.34977e-07 -3.59362e-06 -3.35864e-06
46.8 2.34977e-07 -3.58456e-06 -3.34958e-06
46.9 2.34977e-07 -3.57554e-06 -3.34056e-06
47 2.34977e-07 -3.56657e-06 -3.33159e-06
47.1 2.34977e-07 -3.55764e-06 -3.32266e-06
47.2 2.34977e-07 -3.54875e-06 -3.31378e-06
47.3 2.34977e-07 -3.53991e-06 -3.30494e-06
47.4 2.34977e-07 -3.53112e-06 -3.29614e-06
47.5 2.34977e-07 -3.52237e-06 -3.28739e-06
47.6 2.34977e-07 -3.51366e-06 -3.27868e-06
47.7 2.34977e-07 -3.50499e-06 -3.27002e-06
47.8 2.34977e-07 -3.49637e-06 -3.26139e-06
47.9 2.34977e-07 -3.48779e-06 -3.25281e-06
48 2.34977e-07 -3.47925e-06 -3.24428e-06
48.1 2.34977e-07 -3.47076e-06 -3.23578e-06
48.2 2.34977e-07 -3.4623e-06 -3.22732e-06
48.3 2.34977e-07 -3.45389e-06 -3.21891e-06
48.4 2.34977e-07 -3.44551e-06 -3.21054e-06
48.5 2.34977e-07 -3.43718e-06 -3.2022e-06
48.6 2.34977e-07 -3.42889e-06 -3.19391e-06
48.7 2.34977e-07 -3.42063e-06 -3.18566e-06
48.8 2.34977e-07 -3.41242e-06 -3.17745e-06
48.9 2.34977e-07 -3.40425e-06 -3.16927e-06
49 2.34976e-07 -3.39611e-06 -3.16114e-06
49.1 2.34976e-07 -3.38802e-06 -3.15304e-06
49.2 2.34976e-07 -3.37996e-06 -3.14498e-06
49.3 2.34976e-07 -3.37194e-06 -3.13696e-06
49.4 2.34976e-07 -3.36396e-06 -3.12898e-06
49.5 2.34976e-07 -3.35602e-06 -3.12104e-06
49.6 2.34976e-07 -3.34811e-06 -3.11313e-06
49.7 2.34976e-07 -3.34024e-06 -3.10526e-06
49.8 2.34976e-07 -3.33241e-06 -3.09743e-06
49.9 2.34976e-07 -3.32461e-06 -3.08964e-06
50 2.34976e-07 -3.31685e-06 -3.08188e-06
50.1 2.34976e-07 -3.30913e-06 -3.07416e-06
50.2 2.34976e-07 -3.30144e-06 -3.06647e-06
50.3 2.34976e-07 -3.29379e-06 -3.05882e-06
50.4 2.34976e-07 -3.28618e-06 -3.0512e-06
50.5 2.34976e-07 -3.2786e-06 -3.04362e-06
50.6 2.34976e-07 -3.27105e-06 -3.03607e-06
50.7 2.34976e-07 -3.26354e-06 -3.02856e-06
50.8 2.34976e-07 -3.25606e-06 -3.02109e-06
50.9 2.34976e-07 -3.24862e-06 -3.01364e-06
51 2.34976e-07 -3.24121e-06 -3.00623e-06
51.1 2.34976e-07 -3.23384e-06 -2.99886e-06
51.2 2.34976e-07 -3.22649e-06 -2.99152e-06
51.3 2.34976e-07 -3.21919e-06 -2.98421e-06
51.4 2.34976e-07 -3.21191e-06 -2.97693e-06
51.5 2.34976e-07 -3.20467e-06 -2.96969e-06
51.6 2.34976e-07 -3.19746e-06 -2.96248e-06
51.7 2.34976e-07 -3.19028e-06 -2.9553e-06
51.8 2.34976e-07 -3.18314e-06 -2.94816e-06
51.9 2.34976e-07 -3.17602e-06 -2.94105e-06
52 2.34976e-07 -3.16894e-06 -2.93396e-06
52.1 2.34976e-07 -3.16189e-06 -2.92691e-06
52.2 2.34976e-07 -3.15487e-06 -2.9199e-06
52.3 2.34976e-07 -3.14788e-06 -2.91291e-06
52.4 2.34976e-07 -3.14093e-06 -2.90595e-06
52.5 2.34976e-07 -3.134e-06 -2.89902e-06
52.6 2.34976e-07 -3.1271e-06 -2.89213e-06
52.7 2.34976e-07 -3.12024e-06 -2.88526e-06
52.8 2.34976e-07 -3.1134e-06 -2.87843e-06
52.9 2.34976e-07 -3.1066e-06 -2.87162e-06
53 2.34976e-07 -3.09982e-06 -2.86485e-06
53.1 2.34975e-07 -3.09308e-06 -2.8581e-06
53.2 2.34975e-07 -3.08636e-06 -2.85138e-06
53.3 2.34975e-07 -3.07967e-06 -2.8447e-06
53.4 2.34975e-07 -3.07301e-06 -2.83804e-06
53.5 2.34975e-07 -3.06638e-06 -2.83141e-06
53.6 2.34975e-07 -3.05978e-06 -2.8248e-06
53.7 2.34975e-07 -3.05321e-06 -2.81823e-06
53.8 2.34975e-07 -3.04666e-06 -2.81169e-06
53.9 2.34975e-07 -3.04014e-06 -2.80517e-06
54 2.34975e-07 -3.03366e-06 -2.79868e-06
54.1 2.34975e-07 -3.02719e-06 -2.79222e-06
54.2 2.34975e-07 -3.02076e-06 -2.78578e-06
54.3 2.34975e-07 -3.01435e-06 -2.77938e-06
54.4 2.34975e-07 -3.00797e-06 -2.773e-06
54.5 2.34975e-07 -3.00162e-06 -2.76664e-06
54.6 2.34975e-07 -2.99529e-06 -2.76032e-06
54.7 2.34975e-07 -2.98899e-06 -2.75402e-06
54.8 2.34975e-07 -2.98272e-06 -2.74775e-06
54.9 2.34975e-07 -2.97647e-06 -2.7415e-06
55 2.34975e-07 -2.97025e-06 -2.73528e-06
55.1 2.34975e-07 -2.96406e-06 -2.72908e-06
55.2 2.34975e-07 -2.95789e-06 -2.72292e-06
55.3 2.34975e-07 -2.95175e-06 -2.71677e-06
55.4 2.34975e-07 -2.94563e-06 -2.71065e-06
55.5 2.34975e-07 -2.93954e-06 -2.70456e-06
55.6 2.34975e-07 -2.93347e-06 -2.69849e-06
55.7 2.34975e-07 -2.92743e-06 -2.69245e-06
55.8 2.34975e-07 -2.92141e-06 -2.68643e-06
55.9 2.34975e-07 -2.91542e-06 -2.68044e-06
56 2.34975e-07 -2.90945e-06 -2.67447e-06
56.1 2.34975e-07 -2.9035e-06 -2.66853e-06
56.2 2.34975e-07 -2.89758e-06 -2.66261e-06
56.3 2.34975e-07 -2.89169e-06 -2.65671e-06
56.4 2.34975e-07 -2.88582e-06 -2.65084e-06
56.5 2.34975e-07 -2.87997e-06 -2.64499e-06
56.6 2.34975e-07 -2.87415e-06 -2.63917e-06
56.7 2.34975e-07 -2.86834e-06 -2.63337e-06
56.8 2.34975e-07 -2.86257e-06 -2.62759e-06
56.9 2.34975e-07 -2.85681e-06 -2.62184e-06
57 2.34975e-07 -2.85108e-06 -2.61611e-06
57.1 2.34975e-07 -2.84537e-06 -2.6104e-06
57.2 2.34975e-07 -2.83969e-06 -2.60471e-06
57.3 2.34975e-07 -2.83403e-06 -2.59905e-06
57.4 2.34975e-07 -2.82839e-06 -2.59341e-06
57.5 2.34975e-07 -2.82277e-06 -2.58779e-06
57.6 2.34975e-07 -2.81717e-06 -2.5822e-06
57.7 2.34975e-07 -2.8116e-06 -2.57663e-06
57.8 2.34975e-07 -2.80605e-06 -2.57107e-06
57.9 2.34975e-07 -2.80052e-06 -2.56555e-06
58 2.34975e-07 -2.79501e-06 -2.56004e-06
58.1 2.34974e-07 -2.78953e-06 -2.55455e-06
58.2 2.34974e-07 -2.78406e-06 -2.54909e-06
58.3 2.34974e-07 -2.77862e-06 -2.54364e-06
58.4 2.34974e-07 -2.7732e-06 -2.53822e-06
58.5 2.34974e-07 -2.7678e-06 -2.53282e-06
58.6 2.34974e-07 -2.76242e-06 -2.52744e-06
58.7 2.34974e-07 -2.75706e-06 -2.52208e-06
58.8 2.34974e-07 -2.75172e-06 -2.51675e-06
58.9 2.34974e-07 -2.7464e-06 -2.51143e-06
59 2.34974e-07 -2.74111e-06 -2.50613e-06
59.1 2.34974e-07 -2.73583e-06 -2.50085e-06
59.2 2.34974e-07 -2.73057e-06 -2.4956e-06
59.3 2.34974e-07 -2.72534e-06 -2.49036e-06
59.4 2.34974e-07 -2.72012e-06 -2.48515e-06
59.5 2.34974e-07 -2.71492e-06 -2.47995e-06
59.6 2.34974e-07 -2.70975e-06 -2.47477e-06
59.7 2.34974e-07 -2.70459e-06 -2.46962e-06
59.8 2.34974e-07 -2.69945e-06 -2.46448e-06
59.9 2.34974e-07 -2.69434e-06 -2.45936e-06
60 2.34974e-07 -2.68924e-06 -2.45426e-06
60.1 2.34974e-07 -2.68416e-06 -2.44918e-06
60.2 2.34974e-07 -2.6791e-06 -2.44412e-06
60.3 2.34974e-07 -2.67406e-06 -2.43908e-06
60.4 2.34974e-07 -2.66904e-06 -2.43406e-06
60.5 2.34974e-07 -2.66403e-06 -2.42906e-06
60.6 2.34974e-07 -2.65905e-06 -2.42408e-06
60.7 2.34974e-07 -2.65408e-06 -2.41911e-06
60.8 2.34974e-07 -2.64914e-06 -2.41416e-06
60.9 2.34974e-07 -2.64421e-06 -2.40923e-06
61 2.34974e-07 -2.6393e-06 -2.40432e-06
61.1 2.34974e-07 -2.6344e-06 -2.39943e-06
61.2 2.34974e-07 -2.62953e-06 -2.39456e-06
61.3 2.34974e-07 -2.62467e-06 -2.3897e-06
61.4 2.34974e-07 -2.61984e-06 -2.38486e-06
61.5 2.34974e-07 -2.61502e-06 -2.38004e-06
61.6 2.34974e-07 -2.61021e-06 -2.37524e-06
61.7 2.34974e-07 -2.60543e-06 -2.37045e-06
61.8 2.34974e-07 -2.60066e-06 -2.36569e-06
61.9 2.34974e-07 -2.59591e-06 -2.36094e-06
62 2.34974e-07 -2.59118e-06 -2.3562e-06
62.1 2.34974e-07 -2.58646e-06 -2.35149e-06
62.2 2.34974e-07 -2.58176e-06 -2.34679e-06
62.3 2.34974e-07 -2.57708e-06 -2.34211e-06
62.4 2.34974e-07 -2.57242e-06 -2.33744e-06
62.5 2.34974e-07 -2.56777e-06 -2.3328e-06
62.6 2.34974e-07 -2.56314e-06 -2.32816e-06
62.7 2.34974e-07 -2.55852e-06 -2.32355e-06
62.8 2.34974e-07 -2.55393e-06 -2.31895e-06
62.9 2.34974e-07 -2.54935e-06 -2.31437e-06
63 2.34974e-07 -2.54478e-06 -2.30981e-06
63.1 2.34974e-07 -2.54023e-06 -2.30526e-06
63.2 2.34974e-07 -2.5357e-06 -2.30073e-06
63.3 2.34974e-07 -2.53118e-06 -2.29621e-06
63.4 2.34974e-07 -2.52668e-06 -2.29171e-06
63.5 2.34974e-07 -2.5222e-06 -2.28723e-06
63.6 2.34974e-07 -2.51773e-06 -2.28276e-06
63.7 2.34974e-07 -2.51328e-06 -2.27831e-06
63.8 2.34974e-07 -2.50884e-06 -2.27387e-06
63.9 2.34974e-07 -2.50442e-06 -2.26945e-06
64 2.34974e-07 -2.50002e-06 -2.26504e-06
64.1 2.34974e-07 -2.49563e-06 -2.26065e-06
64.2 2.34974e-07 -2.49125e-06 -2.25628e-06
64.3 2.34973e-07 -2.48689e-06 -2.25192e-06
64.4 2.34973e-07 -2.48255e-06 -2.24758e-06
64.5 2.34973e-07 -2.47822e-06 -2.24325e-06
64.6 2.34973e-07 -2.47391e-06 -2.23893e-06
64.7 2.34973e-07 -2.46961e-06 -2.23463e-06
64.8 2.34973e-07 -2.46532e-06 -2.23035e-06
64.9 2.34973e-07 -2.46105e-06 -2.22608e-06
65 2.34973e-07 -2.4568e-06 -2.22183e-06
65.1 2.34973e-07 -2.45256e-06 -2.21759e-06
65.2 2.34973e-07 -2.44834e-06 -2.21336e-06
65.3 2.34973e-07 -2.44413e-06 -2.20915e-06
65.4 2.34973e-07 -2.43993e-06 -2.20496e-06
65.5 2.34973e-07 -2.43575e-06 -2.20077e-06
65.6 2.34973e-07 -2.43158e-06 -2.19661e-06
65.7 2.34973e-07 -2.42743e-06 -2.19245e-06
65.8 2.34973e-07 -2.42329e-06 -2.18831e-06
65.9 2.34973e-07 -2.41916e-06 -2.18419e-06
66 2.34973e-07 -2.41505e-06 -2.18008e-06
66.1 2.34973e-07 -2.41096e-06 -2.17598e-06
66.2 2.34973e-07 -2.40687e-06 -2.1719e-06
66.3 2.34973e-07 -2.4028e-06 -2.16783e-06
66.4 2.34973e-07 -2.39875e-06 -2.16377e-06
66.5 2.34973e-07 -2.39471e-06 -2.15973e-06
66.6 2.34973e-07 -2.39068e-06 -2.1557e-06
66.7 2.34973e-07 -2.38666e-06 -2.15169e-06
66.8 2.34973e-07 -2.38266e-06 -2.14769e-06
66.9 2.34973e-07 -2.37867e-06 -2.1437e-06
67 2.34973e-07 -2.3747e-06 -2.13973e-06
67.1 2.34973e-07 -2.37074e-06 -2.13577e-06
67.2 2.34973e-07 -2.36679e-06 -2.13182e-06
67.3 2.34973e-07 -2.36286e-06 -2.12788e-06
67.4 2.34973e-07 -2.35893e-06 -2.12396e-06
67.5 2.34973e-07 -2.35503e-06 -2.12005e-06
67.6 2.34973e-07 -2.35113e-06 -2.11616e-06
67.7 2.34973e-07 -2.34725e-06 -2.11227e-06
67.8 2.34973e-07 -2.34338e-06 -2.1084e-06
67.9 2.34973e-07 -2.33952e-06 -2.10455e-06
68 2.34973e-07 -2.33567e-06 -2.1007e-06
68.1 2.34973e-07 -2.33184e-06 -2.09687e-06
68.2 2.34973e-07 -2.32802e-06 -2.09305e-06
68.3 2.34973e-07 -2.32421e-06 -2.08924e-06
68.4 2.34973e-07 -2.32042e-06 -2.08545e-06
68.5 2.34973e-07 -2.31664e-06 -2.08166e-06
68.6 2.34973e-07 -2.31287e-06 -2.07789e-06
68.7 2.34973e-07 -2.30911e-06 -2.07414e-06
68.8 2.34973e-07 -2.30536e-06 -2.07039e-06
68.9 2.34973e-07 -2.30163e-06 -2.06666e-06
69 2.34973e-07 -2.29791e-06 -2.06294e-06
69.1 2.34973e-07 -2.2942e-06 -2.05923e-06
69.2 2.34973e-07 -2.2905e-06 -2.05553e-06
69.3 2.34973e-07 -2.28682e-06 -2.05184e-06
69.4 2.34973e-07 -2.28314e-06 -2.04817e-06
69.5 2.34973e-07 -2.27948e-06 -2.04451e-06
69.6 2.34973e-07 -2.27583e-06 -2.04086e-06
69.7 2.34973e-07 -2.27219e-06 -2.03722e-06
69.8 2.34973e-07 -2.26857e-06 -2.03359e-06
69.9 2.34973e-07 -2.26495e-06 -2.02998e-06
70 2.34973e-07 -2.26135e-06 -2.02637e-06
70.1 2.34973e-07 -2.25775e-06 -2.02278e-06
70.2 2.34973e-07 -2.25417e-06 -2.0192e-06
70.3 2.34973e-07 -2.2506e-06 -2.01563e-06
70.4 2.34973e-07 -2.24705e-06 -2.01207e-06
70.5 2.34973e-07 -2.2435e-06 -2.00853e-06
70.6 2.34973e-07 -2.23996e-06 -2.00499e-06
70.7 2.34973e-07 -2.23644e-06 -2.00146e-06
70.8 2.34973e-07 -2.23292e-06 -1.99795e-06
70.9 2.34973e-07 -2.22942e-06 -1.99445e-06
71 2.34973e-07 -2.22593e-06 -1.99096e-06
71.1 2.34973e-07 -2.22245e-06 -1.98748e-06
71.2 2.34973e-07 -2.21898e-06 -1.98401e-06
71.3 2.34973e-07 -2.21552e-06 -1.98055e-06
71.4 2.34973e-07 -2.21207e-06 -1.9771e-06
71.5 2.34973e-07 -2.20863e-06 -1.97366e-06
71.6 2.34973e-07 -2.20521e-06 -1.97023e-06
71.7 2.34973e-07 -2.20179e-06 -1.96682e-06
71.8 2.34973e-07 -2.19838e-06 -1.96341e-06
71.9 2.34973e-07 -2.19499e-06 -1.96002e-06
72 2.34973e-07 -2.1916e-06 -1.95663e-06
72.1 2.34973e-07 -2.18823e-06 -1.95326e-06
72.2 2.34973e-07 -2.18487e-06 -1.94989e-06
72.3 2.34972e-07 -2.18151e-06 -1.94654e-06
72.4 2.34972e-07 -2.17817e-06 -1.9432e-06
72.5 2.34972e-07 -2.17484e-06 -1.93986e-06
72.6 2.34972e-07 -2.17151e-06 -1.93654e-06
72.7 2.34972e-07 -2.1682e-06 -1.93323e-06
72.8 2.34972e-07 -2.1649e-06 -1.92993e-06
72.9 2.34972e-07 -2.1616e-06 -1.92663e-06
73 2.34972e-07 -2.15832e-06 -1.92335e-06
73.1 2.34972e-07 -2.15505e-06 -1.92008e-06
73.2 2.34972e-07 -2.15179e-06 -1.91681e-06
73.3 2.34972e-07 -2.14853e-06 -1.91356e-06
73.4 2.34972e-07 -2.14529e-06 -1.91032e-06
73.5 2.34972e-07 -2.14206e-06 -1.90708e-06
73.6 2.34972e-07 -2.13883e-06 -1.90386e-06
73.7 2.34972e-07 -2.13562e-06 -1.90065e-06
73.8 2.34972e-07 -2.13242e-06 -1.89744e-06
73.9 2.34972e-07 -2.12922e-06 -1.89425e-06
74 2.34972e-07 -2.12604e-06 -1.89106e-06
74.1 2.34972e-07 -2.12286e-06 -1.88789e-06
74.2 2.34972e-07 -2.11969e-06 -1.88472e-06
74.3 2.34972e-07 -2.11654e-06 -1.88156e-06
74.4 2.34972e-07 -2.11339e-06 -1.87842e-06
74.5 2.34972e-07 -2.11025e-06 -1.87528e-06
74.6 2.34972e-07 -2.10712e-06 -1.87215e-06
74.7 2.34972e-07 -2.104e-06 -1.86903e-06
74.8 2.34972e-07 -2.10089e-06 -1.86592e-06
74.9 2.34972e-07 -2.09779e-06 -1.86282e-06
75 2.34972e-07 -2.0947e-06 -1.85973e-06
75.1 2.34972e-07 -2.09162e-06 -1.85665e-06
75.2 2.34972e-07 -2.08854e-06 -1.85357e-06
75.3 2.34972e-07 -2.08548e-06 -1.85051e-06
75.4 2.34972e-07 -2.08242e-06 -1.84745e-06
75.5 2.34972e-07 -2.07938e-06 -1.8444e-06
75.6 2.34972e-07 -2.07634e-06 -1.84137e-06
75.7 2.34972e-07 -2.07331e-06 -1.83834e-06
75.8 2.34972e-07 -2.07029e-06 -1.83532e-06
75.9 2.34972e-07 -2.06728e-06 -1.83231e-06
76 2.34972e-07 -2.06428e-06 -1.8293e-06
76.1 2.34972e-07 -2.06128e-06 -1.82631e-06
76.2 2.34972e-07 -2.0583e-06 -1.82332e-06
76.3 2.34972e-07 -2.05532e-06 -1.82035e-06
76.4 2.34972e-07 -2.05235e-06 -1.81738e-06
76.5 2.34972e-07 -2.04939e-06 -1.81442e-06
76.6 2.34972e-07 -2.04644e-06 -1.81147e-06
76.7 2.34972e-07 -2.0435e-06 -1.80853e-06
76.8 2.34972e-07 -2.04057e-06 -1.80559e-06
76.9 2.34972e-07 -2.03764e-06 -1.80267e-06
77 2.34972e-07 -2.03472e-06 -1.79975e-06
77.1 2.34972e-07 -2.03181e-06 -1.79684e-06
77.2 2.34972e-07 -2.02891e-06 -1.79394e-06
77.3 2.34972e-07 -2.02602e-06 -1.79105e-06
77.4 2.34972e-07 -2.02314e-06 -1.78816e-06
77.5 2.34972e-07 -2.02026e-06 -1.78529e-06
77.6 2.34972e-07 -2.01739e-06 -1.78242e-06
77.7 2.34972e-07 -2.01453e-06 -1.77956e-06
77.8 2.34972e-07 -2.01168e-06 -1.77671e-06
77.9 2.34972e-07 -2.00884e-06 -1.77387e-06
78 2.34972e-07 -2.006e-06 -1.77103e-06
78.1 2.34972e-07 -2.00318e-06 -1.7682e-06
78.2 2.34972e-07 -2.00036e-06 -1.76538e-06
78.3 2.34972e-07 -1.99755e-06 -1.76257e-06
78.4 2.34972e-07 -1.99474e-06 -1.75977e-06
78.5 2.34972e-07 -1.99195e-06 -1.75697e-06
78.6 2.34972e-07 -1.98916e-06 -1.75419e-06
78.7 2.34972e-07 -1.98638e-06 -1.75141e-06
78.8 2.34972e-07 -1.98361e-06 -1.74863e-06
78.9 2.34972e-07 -1.98084e-06 -1.74587e-06
79 2.34972e-07 -1.97808e-06 -1.74311e-06
79.1 2.34972e-07 -1.97533e-06 -1.74036e-06
79.2 2.34972e-07 -1.97259e-06 -1.73762e-06
79.3 2.34972e-07 -1.96986e-06 -1.73489e-06
79.4 2.34972e-07 -1.96713e-06 -1.73216e-06
79.5 2.34972e-07 -1.96441e-06 -1.72944e-06
79.6 2.34972e-07 -1.9617e-06 -1.72673e-06
79.7 2.34972e-07 -1.959e-06 -1.72403e-06
79.8 2.34972e-07 -1.9563e-06 -1.72133e-06
79.9 2.34972e-07 -1.95361e-06 -1.71864e-06
80 2.34972e-07 -1.95093e-06 -1.71596e-06
80.1 2.34972e-07 -1.94826e-06 -1.71328e-06
80.2 2.34972e-07 -1.94559e-06 -1.71062e-06
80.3 2.34972e-07 -1.94293e-06 -1.70796e-06
80.4 2.34972e-07 -1.94028e-06 -1.7053e-06
80.5 2.34972e-07 -1.93763e-06 -1.70266e-06
80.6 2.34972e-07 -1.93499e-06 -1.70002e-06
80.7 2.34972e-07 -1.93236e-06 -1.69739e-06
80.8 2.34972e-07 -1.92974e-06 -1.69477e-06
80.9 2.34972e-07 -1.92712e-06 -1.69215e-06
81 2.34972e-07 -1.92451e-06 -1.68954e-06
81.1 2.34972e-07 -1.92191e-06 -1.68694e-06
81.2 2.34972e-07 -1.91931e-06 -1.68434e-06
81.3 2.34972e-07 -1.91673e-06 -1.68175e-06
81.4 2.34972e-07 -1.91414e-06 -1.67917e-06
81.5 2.34972e-07 -1.91157e-06 -1.6766e-06
81.6 2.34972e-07 -1.909e-06 -1.67403e-06
81.7 2.34972e-07 -1.90644e-06 -1.67147e-06
81.8 2.34972e-07 -1.90389e-06 -1.66892e-06
81.9 2.34972e-07 -1.90134e-06 -1.66637e-06
82 2.34972e-07 -1.8988e-06 -1.66383e-06
82.1 2.34972e-07 -1.89627e-06 -1.6613e-06
82.2 2.34972e-07 -1.89374e-06 -1.65877e-06
82.3 2.34972e-07 -1.89122e-06 -1.65625e-06
82.4 2.34972e-07 -1.88871e-06 -1.65374e-06
82.5 2.34972e-07 -1.8862e-06 -1.65123e-06
82.6 2.34972e-07 -1.8837e-06 -1.64873e-06
82.7 2.34972e-07 -1.88121e-06 -1.64624e-06
82.8 2.34972e-07 -1.87872e-06 -1.64375e-06
82.9 2.34971e-07 -1.87624e-06 -1.64127e-06
83 2.34971e-07 -1.87377e-06 -1.6388e-06
83.1 2.34971e-07 -1.8713e-06 -1.63633e-06
83.2 2.34971e-07 -1.86884e-06 -1.63387e-06
83.3 2.34971e-07 -1.86638e-06 -1.63141e-06
83.4 2.34971e-07 -1.86394e-06 -1.62897e-06
83.5 2.34971e-07 -1.8615e-06 -1.62652e-06
83.6 2.34971e-07 -1.85906e-06 -1.62409e-06
83.7 2.34971e-07 -1.85663e-06 -1.62166e-06
83.8 2.34971e-07 -1.85421e-06 -1.61924e-06
83.9 2.34971e-07 -1.85179e-06 -1.61682e-06
84 2.34971e-07 -1.84938e-06 -1.61441e-06
84.1 2.34971e-07 -1.84698e-06 -1.61201e-06
84.2 2.34971e-07 -1.84458e-06 -1.60961e-06
84.3 2.34971e-07 -1.84219e-06 -1.60722e-06
84.4 2.34971e-07 -1.83981e-06 -1.60484e-06
84.5 2.34971e-07 -1.83743e-06 -1.60246e-06
84.6 2.34971e-07 -1.83506e-06 -1.60009e-06
84.7 2.34971e-07 -1.83269e-06 -1.59772e-06
84.8 2.34971e-07 -1.83033e-06 -1.59536e-06
84.9 2.34971e-07 -1.82798e-06 -1.593e-06
85 2.34971e-07 -1.82563e-06 -1.59066e-06
85.1 2.34971e-07 -1.82329e-06 -1.58831e-06
85.2 2.34971e-07 -1.82095e-06 -1.58598e-06
85.3 2.34971e-07 -1.81862e-06 -1.58365e-06
85.4 2.34971e-07 -1.8163e-06 -1.58132e-06
85.5 2.34971e-07 -1.81398e-06 -1.57901e-06
85.6 2.34971e-07 -1.81167e-06 -1.57669e-06
85.7 2.34971e-07 -1.80936e-06 -1.57439e-06
85.8 2.34971e-07 -1.80706e-06 -1.57209e-06
85.9 2.34971e-07 -1.80476e-06 -1.56979e-06
86 2.34971e-07 -1.80247e-06 -1.5675e-06
86.1 2.34971e-07 -1.80019e-06 -1.56522e-06
86.2 2.34971e-07 -1.79791e-06 -1.56294e-06
86.3 2.34971e-07 -1.79564e-06 -1.56067e-06
86.4 2.34971e-07 -1.79338e-06 -1.55841e-06
86.5 2.34971e-07 -1.79112e-06 -1.55615e-06
86.6 2.34971e-07 -1.78886e-06 -1.55389e-06
86.7 2.34971e-07 -1.78661e-06 -1.55164e-06
86.8 2.34971e-07 -1.78437e-06 -1.5494e-06
86.9 2.34971e-07 -1.78213e-06 -1.54716e-06
87 2.34971e-07 -1.7799e-06 -1.54493e-06
87.1 2.34971e-07 -1.77767e-06 -1.5427e-06
87.2 2.34971e-07 -1.77545e-06 -1.54048e-06
87.3 2.34971e-07 -1.77324e-06 -1.53827e-06
87.4 2.34971e-07 -1.77103e-06 -1.53606e-06
87.5 2.34971e-07 -1.76883e-06 -1.53385e-06
87.6 2.34971e-07 -1.76663e-06 -1.53166e-06
87.7 2.34971e-07 -1.76443e-06 -1.52946e-06
87.8 2.34971e-07 -1.76225e-06 -1.52727e-06
87.9 2.34971e-07 -1.76006e-06 -1.52509e-06
88 2.34971e-07 -1.75789e-06 -1.52291e-06
88.1 2.34971e-07 -1.75571e-06 -1.52074e-06
88.2 2.34971e-07 -1.75355e-06 -1.51858e-06
88.3 2.34971e-07 -1.75139e-06 -1.51642e-06
88.4 2.34971e-07 -1.74923e-06 -1.51426e-06
88.5 2.34971e-07 -1.74708e-06 -1.51211e-06
88.6 2.34971e-07 -1.74494e-06 -1.50997e-06
88.7 2.34971e-07 -1.7428e-06 -1.50783e-06
88.8 2.34971e-07 -1.74066e-06 -1.50569e-06
88.9 2.34971e-07 -1.73853e-06 -1.50356e-06
89 2.34971e-07 -1.73641e-06 -1.50144e-06
89.1 2.34971e-07 -1.73429e-06 -1.49932e-06
89.2 2.34971e-07 -1.73218e-06 -1.49721e-06
89.3 2.34971e-07 -1.73007e-06 -1.4951e-06
89.4 2.34971e-07 -1.72796e-06 -1.49299e-06
89.5 2.34971e-07 -1.72587e-06 -1.49089e-06
89.6 2.34971e-07 -1.72377e-06 -1.4888e-06
89.7 2.34971e-07 -1.72168e-06 -1.48671e-06
89.8 2.34971e-07 -1.7196e-06 -1.48463e-06
89.9 2.34971e-07 -1.71752e-06 -1.48255e-06
90 2.34971e-07 -1.71545e-06 -1.48048e-06
90.1 2.34971e-07 -1.71338e-06 -1.47841e-06
90.2 2.34971e-07 -1.71132e-06 -1.47635e-06
90.3 2.34971e-07 -1.70926e-06 -1.47429e-06
90.4 2.34971e-07 -1.70721e-06 -1.47224e-06
90.5 2.34971e-07 -1.70516e-06 -1.47019e-06
90.6 2.34971e-07 -1.70312e-06 -1.46815e-06
90.7 2.34971e-07 -1.70108e-06 -1.46611e-06
90.8 2.34971e-07 -1.69904e-06 -1.46407e-06
90.9 2.34971e-07 -1.69702e-06 -1.46204e-06
91 2.34971e-07 -1.69499e-06 -1.46002e-06
91.1 2.34971e-07 -1.69297e-06 -1.458e-06
91.2 2.34971e-07 -1.69096e-06 -1.45599e-06
91.3 2.34971e-07 -1.68895e-06 -1.45398e-06
91.4 2.34971e-07 -1.68694e-06 -1.45197e-06
91.5 2.34971e-07 -1.68494e-06 -1.44997e-06
91.6 2.34971e-07 -1.68295e-06 -1.44798e-06
91.7 2.34971e-07 -1.68096e-06 -1.44599e-06
91.8 2.34971e-07 -1.67897e-06 -1.444e-06
91.9 2.34971e-07 -1.67699e-06 -1.44202e-06
92 2.34971e-07 -1.67501e-06 -1.44004e-06
92.1 2.34971e-07 -1.67304e-06 -1.43807e-06
92.2 2.34971e-07 -1.67108e-06 -1.4361e-06
92.3 2.34971e-07 -1.66911e-06 -1.43414e-06
92.4 2.34971e-07 -1.66716e-06 -1.43218e-06
92.5 2.34971e-07 -1.6652e-06 -1.43023e-06
92.6 2.34971e-07 -1.66325e-06 -1.42828e-06
92.7 2.34971e-07 -1.66131e-06 -1.42634e-06
92.8 2.34971e-07 -1.65937e-06 -1.4244e-06
92.9 2.34971e-07 -1.65743e-06 -1.42246e-06
93 2.34971e-07 -1.6555e-06 -1.42053e-06
93.1 2.34971e-07 -1.65358e-06 -1.41861e-06
93.2 2.34971e-07 -1.65166e-06 -1.41669e-06
93.3 2.34971e-07 -1.64974e-06 -1.41477e-06
93.4 2.34971e-07 -1.64783e-06 -1.41286e-06
93.5 2.34971e-07 -1.64592e-06 -1.41095e-06
93.6 2.34971e-07 -1.64401e-06 -1.40904e-06
93.7 2.34971e-07 -1.64211e-06 -1.40714e-06
93.8 2.34971e-07 -1.64022e-06 -1.40525e-06
93.9 2.34971e-07 -1.63833e-06 -1.40336e-06
94 2.34971e-07 -1.63644e-06 -1.40147e-06
94.1 2.34971e-07 -1.63456e-06 -1.39959e-06
94.2 2.34971e-07 -1.63268e-06 -1.39771e-06
94.3 2.34971e-07 -1.63081e-06 -1.39584e-06
94.4 2.34971e-07 -1.62894e-06 -1.39397e-06
94.5 2.34971e-07 -1.62707e-06 -1.3921e-06
94.6 2.34971e-07 -1.62521e-06 -1.39024e-06
94.7 2.34971e-07 -1.62336e-06 -1.38839e-06
94.8 2.34971e-07 -1.62151e-06 -1.38653e-06
94.9 2.34971e-07 -1.61966e-06 -1.38469e-06
95 2.34971e-07 -1.61781e-06 -1.38284e-06
95.1 2.34971e-07 -1.61597e-06 -1.381e-06
95.2 2.34971e-07 -1.61414e-06 -1.37917e-06
95.3 2.34971e-07 -1.61231e-06 -1.37734e-06
95.4 2.34971e-07 -1.61048e-06 -1.37551e-06
95.5 2.34971e-07 -1.60866e-06 -1.37369e-06
95.6 2.34971e-07 -1.60684e-06 -1.37187e-06
95.7 2.34971e-07 -1.60502e-06 -1.37005e-06
95.8 2.34971e-07 -1.60321e-06 -1.36824e-06
95.9 2.34971e-07 -1.60141e-06 -1.36644e-06
96 2.34971e-07 -1.59961e-06 -1.36463e-06
96.1 2.34971e-07 -1.59781e-06 -1.36284e-06
96.2 2.34971e-07 -1.59601e-06 -1.36104e-06
96.3 2.34971e-07 -1.59422e-06 -1.35925e-06
96.4 2.34971e-07 -1.59244e-06 -1.35747e-06
96.5 2.34971e-07 -1.59065e-06 -1.35568e-06
96.6 2.34971e-07 -1.58888e-06 -1.35391e-06
96.7 2.34971e-07 -1.5871e-06 -1.35213e-06
96.8 2.34971e-07 -1.58533e-06 -1.35036e-06
96.9 2.34971e-07 -1.58356e-06 -1.34859e-06
97 2.34971e-07 -1.5818e-06 -1.34683e-06
97.1 2.34971e-07 -1.58004e-06 -1.34507e-06
97.2 2.34971e-07 -1.57829e-06 -1.34332e-06
97.3 2.34971e-07 -1.57654e-06 -1.34157e-06
97.4 2.34971e-07 -1.57479e-06 -1.33982e-06
97.5 2.34971e-07 -1.57305e-06 -1.33808e-06
97.6 2.3497e-07 -1.57131e-06 -1.33634e-06
97.7 2.3497e-07 -1.56957e-06 -1.3346e-06
97.8 2.3497e-07 -1.56784e-06 -1.33287e-06
97.9 2.3497e-07 -1.56611e-06 -1.33114e-06
98 2.3497e-07 -1.56439e-06 -1.32942e-06
98.1 2.3497e-07 -1.56267e-06 -1.3277e-06
98.2 2.3497e-07 -1.56095e-06 -1.32598e-06
98.3 2.3497e-07 -1.55924e-06 -1.32427e-06
98.4 2.3497e-07 -1.55753e-06 -1.32256e-06
98.5 2.3497e-07 -1.55583e-06 -1.32086e-06
98.6 2.3497e-07 -1.55413e-06 -1.31916e-06
98.7 2.3497e-07 -1.55243e-06 -1.31746e-06
98.8 2.3497e-07 -1.55074e-06 -1.31576e-06
98.9 2.3497e-07 -1.54905e-06 -1.31407e-06
99 2.3497e-07 -1.54736e-06 -1.31239e-06
99.1 2.3497e-07 -1.54568e-06 -1.31071e-06
99.2 2.3497e-07 -1.544e-06 -1.30903e-06
99.3 2.3497e-07 -1.54232e-06 -1.30735e-06
99.4 2.3497e-07 -1.54065e-06 -1.30568e-06
99.5 2.3497e-07 -1.53898e-06 -1.30401e-06
99.6 2.3497e-07 -1.53732e-06 -1.30235e-06
99.7 2.3497e-07 -1.53566e-06 -1.30068e-06
99.8 2.3497e-07 -1.534e-06 -1.29903e-06
99.9 2.3497e-07 -1.53234e-06 -1.29737e-06
100 2.3497e-07 -1.53069e-06 -1.29572e-06
